<?xml version="1.0"?>
<opencv_storage>
<Intrinsics_IR type_id="opencv-matrix">
  <rows>3</rows>
  <cols>3</cols>
  <dt>f</dt>
  <data>
    5.93567322e+002 0. 3.20674194e+002 0. 5.96098022e+002
    2.38202423e+002 0. 0. 1.</data></Intrinsics_IR>
</opencv_storage>
