<?xml version="1.0"?>
<opencv_storage>
<kinect_R type_id="opencv-matrix">
  <rows>3</rows>
  <cols>3</cols>
  <dt>f</dt>
  <data>
    -2.58712053e-001 9.47012484e-001 -1.90355912e-001 -9.34754074e-001
    -1.95765197e-001 2.96497583e-001 2.43521854e-001 2.54643470e-001
    9.35870588e-001</data></kinect_R>
</opencv_storage>
