% Intrinsic and Extrinsic Camera Parameters
%
% This script file can be directly excecuted under Matlab to recover the camera intrinsic and extrinsic parameters.
% IMPORTANT: This file contains neither the structure of the calibration objects nor the image coordinates of the calibration points.
%            All those complementary variables are saved in the complete matlab data file Calib_Results.mat.
% For more information regarding the calibration model visit http://www.vision.caltech.edu/bouguetj/calib_doc/


%-- Focal length:
fc = [ 857.479544439304730 ; 852.104874780295400 ];

%-- Principal point:
cc = [ 272.035742668492280 ; 427.395202852731250 ];

%-- Skew coefficient:
alpha_c = 0.000000000000000;

%-- Distortion coefficients:
kc = [ -0.004126634974242 ; -0.061656475511912 ; 0.000864133065193 ; 0.003867722312181 ; 0.000000000000000 ];

%-- Focal length uncertainty:
fc_error = [ 4.379139344130679 ; 4.180390357289477 ];

%-- Principal point uncertainty:
cc_error = [ 3.520685540172476 ; 3.708089264016197 ];

%-- Skew coefficient uncertainty:
alpha_c_error = 0.000000000000000;

%-- Distortion coefficients uncertainty:
kc_error = [ 0.012566541389918 ; 0.040833661192702 ; 0.001606336483744 ; 0.001438644016585 ; 0.000000000000000 ];

%-- Image size:
nx = 690;
ny = 680;


%-- Various other variables (may be ignored if you do not use the Matlab Calibration Toolbox):
%-- Those variables are used to control which intrinsic parameters should be optimized

n_ima = 23;						% Number of calibration images
est_fc = [ 1 ; 1 ];					% Estimation indicator of the two focal variables
est_aspect_ratio = 1;				% Estimation indicator of the aspect ratio fc(2)/fc(1)
center_optim = 1;					% Estimation indicator of the principal point
est_alpha = 0;						% Estimation indicator of the skew coefficient
est_dist = [ 1 ; 1 ; 1 ; 1 ; 0 ];	% Estimation indicator of the distortion coefficients


%-- Extrinsic parameters:
%-- The rotation (omc_kk) and the translation (Tc_kk) vectors for every calibration image and their uncertainties

%-- Image #1:
omc_1 = [ 2.015012e+000 ; 1.975123e+000 ; 9.285784e-003 ];
Tc_1  = [ -1.399290e+000 ; -2.507084e+000 ; 5.439374e+000 ];
omc_error_1 = [ 4.206128e-003 ; 5.068259e-003 ; 8.631155e-003 ];
Tc_error_1  = [ 2.345974e-002 ; 2.394747e-002 ; 3.196926e-002 ];

%-- Image #2:
omc_2 = [ 2.128401e+000 ; 1.335428e+000 ; 6.454491e-001 ];
Tc_2  = [ -8.835546e-001 ; -1.387317e+000 ; 3.660802e+000 ];
omc_error_2 = [ 4.747015e-003 ; 3.065317e-003 ; 5.939976e-003 ];
Tc_error_2  = [ 1.583056e-002 ; 1.596667e-002 ; 2.354827e-002 ];

%-- Image #3:
omc_3 = [ 2.201641e+000 ; 2.013035e+000 ; 6.007467e-001 ];
Tc_3  = [ -8.679439e-001 ; -1.662682e+000 ; 3.702841e+000 ];
omc_error_3 = [ 4.630610e-003 ; 3.623036e-003 ; 8.028398e-003 ];
Tc_error_3  = [ 1.622360e-002 ; 1.656692e-002 ; 2.304284e-002 ];

%-- Image #4:
omc_4 = [ 2.156362e+000 ; 2.190223e+000 ; 1.139302e-001 ];
Tc_4  = [ -1.348824e+000 ; -2.368830e+000 ; 5.334429e+000 ];
omc_error_4 = [ 5.322167e-003 ; 6.613175e-003 ; 1.273548e-002 ];
Tc_error_4  = [ 2.294410e-002 ; 2.356554e-002 ; 3.195921e-002 ];

%-- Image #5:
omc_5 = [ 2.501249e+000 ; 1.465238e+000 ; 3.032331e-001 ];
Tc_5  = [ -9.407146e-001 ; -1.133348e+000 ; 4.429169e+000 ];
omc_error_5 = [ 5.365321e-003 ; 3.013226e-003 ; 8.211881e-003 ];
Tc_error_5  = [ 1.874456e-002 ; 1.924794e-002 ; 2.582795e-002 ];

%-- Image #6:
omc_6 = [ -1.924373e+000 ; -1.923756e+000 ; 2.556289e-001 ];
Tc_6  = [ -1.173696e+000 ; -1.567725e+000 ; 4.570261e+000 ];
omc_error_6 = [ 4.072258e-003 ; 3.591402e-003 ; 7.799649e-003 ];
Tc_error_6  = [ 1.919299e-002 ; 1.991781e-002 ; 2.393809e-002 ];

%-- Image #7:
omc_7 = [ 1.859603e+000 ; 2.001419e+000 ; -4.177207e-001 ];
Tc_7  = [ -8.930831e-001 ; -2.135676e+000 ; 5.009674e+000 ];
omc_error_7 = [ 3.438244e-003 ; 4.393840e-003 ; 6.879508e-003 ];
Tc_error_7  = [ 2.137906e-002 ; 2.185025e-002 ; 2.583016e-002 ];

%-- Image #8:
omc_8 = [ 2.050145e+000 ; 1.612047e+000 ; -6.655712e-002 ];
Tc_8  = [ -1.082931e+000 ; -1.797199e+000 ; 4.411176e+000 ];
omc_error_8 = [ 4.217303e-003 ; 3.665357e-003 ; 6.252690e-003 ];
Tc_error_8  = [ 1.880651e-002 ; 1.913224e-002 ; 2.461538e-002 ];

%-- Image #9:
omc_9 = [ 1.834700e+000 ; 2.182073e+000 ; 5.874721e-001 ];
Tc_9  = [ -4.789302e-001 ; -1.292166e+000 ; 3.528167e+000 ];
omc_error_9 = [ 4.300288e-003 ; 3.383062e-003 ; 7.215594e-003 ];
Tc_error_9  = [ 1.491098e-002 ; 1.558321e-002 ; 2.137098e-002 ];

%-- Image #10:
omc_10 = [ 1.945918e+000 ; 2.187713e+000 ; 6.074560e-001 ];
Tc_10  = [ -6.778387e-001 ; -1.602039e+000 ; 3.823413e+000 ];
omc_error_10 = [ 4.372766e-003 ; 3.787950e-003 ; 7.834925e-003 ];
Tc_error_10  = [ 1.649852e-002 ; 1.705337e-002 ; 2.381457e-002 ];

%-- Image #11:
omc_11 = [ -2.234301e+000 ; -2.126299e+000 ; 1.738827e-001 ];
Tc_11  = [ -1.028084e+000 ; -1.792426e+000 ; 4.509099e+000 ];
omc_error_11 = [ 4.903875e-003 ; 4.197197e-003 ; 9.797952e-003 ];
Tc_error_11  = [ 1.908937e-002 ; 1.963148e-002 ; 2.551001e-002 ];

%-- Image #12:
omc_12 = [ 2.169565e+000 ; 2.084466e+000 ; -2.167229e-001 ];
Tc_12  = [ -1.144408e+000 ; -2.097468e+000 ; 4.926544e+000 ];
omc_error_12 = [ 4.116750e-003 ; 4.746880e-003 ; 9.054820e-003 ];
Tc_error_12  = [ 2.102884e-002 ; 2.146274e-002 ; 2.751888e-002 ];

%-- Image #13:
omc_13 = [ -2.103681e+000 ; -2.041522e+000 ; 6.374167e-001 ];
Tc_13  = [ -1.090511e+000 ; -1.660704e+000 ; 5.039258e+000 ];
omc_error_13 = [ 4.526483e-003 ; 3.106907e-003 ; 8.120829e-003 ];
Tc_error_13  = [ 2.124106e-002 ; 2.196501e-002 ; 2.419004e-002 ];

%-- Image #14:
omc_14 = [ -2.113435e+000 ; -2.024239e+000 ; 6.207219e-001 ];
Tc_14  = [ -1.156398e+000 ; -1.664561e+000 ; 5.031078e+000 ];
omc_error_14 = [ 4.544880e-003 ; 3.083136e-003 ; 8.147904e-003 ];
Tc_error_14  = [ 2.122567e-002 ; 2.196202e-002 ; 2.433520e-002 ];

%-- Image #15:
omc_15 = [ 2.675382e+000 ; 1.212668e+000 ; -9.116695e-002 ];
Tc_15  = [ -1.233643e+000 ; -9.034072e-001 ; 5.243780e+000 ];
omc_error_15 = [ 6.065206e-003 ; 3.146563e-003 ; 9.414061e-003 ];
Tc_error_15  = [ 2.187804e-002 ; 2.271431e-002 ; 2.946261e-002 ];

%-- Image #16:
omc_16 = [ -2.249902e+000 ; -2.084545e+000 ; 4.397924e-001 ];
Tc_16  = [ -1.316182e+000 ; -1.850948e+000 ; 5.353081e+000 ];
omc_error_16 = [ 5.181732e-003 ; 3.593824e-003 ; 9.607853e-003 ];
Tc_error_16  = [ 2.263148e-002 ; 2.339380e-002 ; 2.804802e-002 ];

%-- Image #17:
omc_17 = [ -2.175053e+000 ; -1.856381e+000 ; 1.052502e-001 ];
Tc_17  = [ -1.302130e+000 ; -1.550527e+000 ; 5.034825e+000 ];
omc_error_17 = [ 5.443579e-003 ; 4.396855e-003 ; 1.024370e-002 ];
Tc_error_17  = [ 2.110104e-002 ; 2.201989e-002 ; 2.813174e-002 ];

%-- Image #18:
omc_18 = [ 1.716694e+000 ; 1.964948e+000 ; -7.979237e-001 ];
Tc_18  = [ -7.774328e-001 ; -2.325413e+000 ; 5.746481e+000 ];
omc_error_18 = [ 3.366145e-003 ; 4.774591e-003 ; 6.380479e-003 ];
Tc_error_18  = [ 2.470729e-002 ; 2.543547e-002 ; 2.704185e-002 ];

%-- Image #19:
omc_19 = [ 2.512716e+000 ; 9.144429e-001 ; -8.105301e-002 ];
Tc_19  = [ -9.587770e-001 ; -6.649865e-001 ; 4.431346e+000 ];
omc_error_19 = [ 5.093400e-003 ; 2.593844e-003 ; 6.887407e-003 ];
Tc_error_19  = [ 1.848291e-002 ; 1.905046e-002 ; 2.369134e-002 ];

%-- Image #20:
omc_20 = [ 2.671417e+000 ; 7.204237e-001 ; 1.565118e-001 ];
Tc_20  = [ -8.149526e-001 ; 6.813574e-003 ; 3.910203e+000 ];
omc_error_20 = [ 5.276714e-003 ; 2.008418e-003 ; 7.306474e-003 ];
Tc_error_20  = [ 1.630155e-002 ; 1.689319e-002 ; 2.155694e-002 ];

%-- Image #21:
omc_21 = [ -2.129175e+000 ; -2.318079e+000 ; -3.578234e-001 ];
Tc_21  = [ -7.824015e-001 ; -1.581001e+000 ; 3.768680e+000 ];
omc_error_21 = [ 3.672142e-003 ; 4.809420e-003 ; 8.911020e-003 ];
Tc_error_21  = [ 1.617944e-002 ; 1.686446e-002 ; 2.250338e-002 ];

%-- Image #22:
omc_22 = [ 2.648697e+000 ; 1.111200e+000 ; 3.142766e-002 ];
Tc_22  = [ -1.384500e+000 ; -1.129920e+000 ; 5.618527e+000 ];
omc_error_22 = [ 6.058264e-003 ; 3.281092e-003 ; 9.238630e-003 ];
Tc_error_22  = [ 2.350652e-002 ; 2.446512e-002 ; 3.271929e-002 ];

%-- Image #23:
